params,frequency,run,hinted_cost,default_cost,confidence,plan_id,plan_content
"['distributors', '%(200%)%', '%(2006)%', ""Sweden', 'Norway', 'Germany', 'Denmark', 'Swedish', 'Denish', 'Norwegian', 'German', 'USA', 'American"", '2000']",1,median,38141.11,38059.42,0.52513915,29,/*+  SeqScan(mc) SeqScan(ct) IndexScan(t title_pkey) IndexScan(mi movie_id_movie_info) IndexScan(it info_type_pkey) HashJoin(mc ct) NestLoop(mc ct t) NestLoop(mc ct t mi) NestLoop(mc ct t mi it) Leading(((((mc ct) t) mi) it)) */
"['production companies', '%(2006)%', '%(200%)%', ""Sweden', 'Norway', 'Germany', 'Denmark', 'Swedish', 'Denish', 'Norwegian', 'German"", '1950']",2,median,38568.96,38543.48,0.5187318,29,/*+  SeqScan(mc) SeqScan(ct) IndexScan(t title_pkey) IndexScan(mi movie_id_movie_info) IndexScan(it info_type_pkey) HashJoin(mc ct) NestLoop(mc ct t) NestLoop(mc ct t mi) NestLoop(mc ct t mi it) Leading(((((mc ct) t) mi) it)) */
"['distributors', '%(worldwide)%', '%(VHS)%', ""Horror', 'Thriller"", '1990']",1,median,34337.96,34337.25,0.5398527,29,/*+  SeqScan(mc) SeqScan(ct) IndexScan(t title_pkey) IndexScan(mi movie_id_movie_info) IndexScan(it info_type_pkey) HashJoin(mc ct) NestLoop(mc ct t) NestLoop(mc ct t mi) NestLoop(mc ct t mi it) Leading(((((mc ct) t) mi) it)) */
"['distributors', '%(200%)%', '%(theatrical)%', ""Drama', 'Horror', 'Western', 'Family"", '2000']",1,median,50144.94,49941.37,0.53232265,29,/*+  SeqScan(mc) SeqScan(ct) IndexScan(t title_pkey) IndexScan(mi movie_id_movie_info) IndexScan(it info_type_pkey) HashJoin(mc ct) NestLoop(mc ct t) NestLoop(mc ct t mi) NestLoop(mc ct t mi it) Leading(((((mc ct) t) mi) it)) */
"['distributors', '%(2006)%', '%(USA)%', ""Sweden', 'Norway', 'Germany', 'Denmark', 'Swedish', 'Denish', 'Norwegian', 'German', 'USA', 'American"", '2010']",2,median,38087.75,38063.0,0.5264002,29,/*+  SeqScan(mc) SeqScan(ct) IndexScan(t title_pkey) IndexScan(mi movie_id_movie_info) IndexScan(it info_type_pkey) HashJoin(mc ct) NestLoop(mc ct t) NestLoop(mc ct t mi) NestLoop(mc ct t mi it) Leading(((((mc ct) t) mi) it)) */
"['production companies', '%(2006)%', '%(200%)%', ""USA', 'America"", '2000']",1,median,38074.01,38008.19,0.5306594,29,/*+  SeqScan(mc) SeqScan(ct) IndexScan(t title_pkey) IndexScan(mi movie_id_movie_info) IndexScan(it info_type_pkey) HashJoin(mc ct) NestLoop(mc ct t) NestLoop(mc ct t mi) NestLoop(mc ct t mi it) Leading(((((mc ct) t) mi) it)) */
"['production companies', '%(200%)%', '%(worldwide)%', ""Germany', 'German', 'USA', 'American"", '1990']",2,median,43425.26,43193.63,0.51902765,29,/*+  SeqScan(mc) SeqScan(ct) IndexScan(t title_pkey) IndexScan(mi movie_id_movie_info) IndexScan(it info_type_pkey) HashJoin(mc ct) NestLoop(mc ct t) NestLoop(mc ct t mi) NestLoop(mc ct t mi it) Leading(((((mc ct) t) mi) it)) */
"['production companies', '%(200%)%', '%(worldwide)%', ""Sweden', 'Norway', 'Germany', 'Denmark', 'Swedish', 'Denish', 'Norwegian', 'German', 'USA', 'American"", '1990']",3,median,43458.62,43221.48,0.5166132,29,/*+  SeqScan(mc) SeqScan(ct) IndexScan(t title_pkey) IndexScan(mi movie_id_movie_info) IndexScan(it info_type_pkey) HashJoin(mc ct) NestLoop(mc ct t) NestLoop(mc ct t mi) NestLoop(mc ct t mi it) Leading(((((mc ct) t) mi) it)) */
"['production companies', '%(200%)%', '%(2006)%', ""USA', 'America"", '1990']",1,median,38228.61,38144.71,0.531572,29,/*+  SeqScan(mc) SeqScan(ct) IndexScan(t title_pkey) IndexScan(mi movie_id_movie_info) IndexScan(it info_type_pkey) HashJoin(mc ct) NestLoop(mc ct t) NestLoop(mc ct t mi) NestLoop(mc ct t mi it) Leading(((((mc ct) t) mi) it)) */
"['production companies', '%(worldwide)%', '%(200%)%', ""Sweden', 'Norway', 'Germany', 'Denmark', 'Swedish', 'Denish', 'Norwegian', 'German', 'USA', 'American"", '1990']",4,median,43458.62,43221.48,0.5136376,29,/*+  SeqScan(mc) SeqScan(ct) IndexScan(t title_pkey) IndexScan(mi movie_id_movie_info) IndexScan(it info_type_pkey) HashJoin(mc ct) NestLoop(mc ct t) NestLoop(mc ct t mi) NestLoop(mc ct t mi it) Leading(((((mc ct) t) mi) it)) */
"['distributors', '%(200%)%', '%(co-production)%', ""Sweden', 'Norway', 'Germany', 'Denmark', 'Swedish', 'Denish', 'Norwegian', 'German', 'English"", '1990']",1,median,34389.79,34350.97,0.51455295,29,/*+  SeqScan(mc) SeqScan(ct) IndexScan(t title_pkey) IndexScan(mi movie_id_movie_info) IndexScan(it info_type_pkey) HashJoin(mc ct) NestLoop(mc ct t) NestLoop(mc ct t mi) NestLoop(mc ct t mi it) Leading(((((mc ct) t) mi) it)) */
"['production companies', '%(2006)%', '%(worldwide)%', ""Sweden', 'Norway', 'Germany', 'Denmark', 'Swedish', 'Denish', 'Norwegian', 'German', 'USA', 'American"", '1990']",1,median,34237.18,34212.11,0.52258366,29,/*+  SeqScan(mc) SeqScan(ct) IndexScan(t title_pkey) IndexScan(mi movie_id_movie_info) IndexScan(it info_type_pkey) HashJoin(mc ct) NestLoop(mc ct t) NestLoop(mc ct t mi) NestLoop(mc ct t mi it) Leading(((((mc ct) t) mi) it)) */
"['distributors', '%(Japan)%', '%(200%)%', ""Horror', 'Action', 'Sci-Fi', 'Thriller', 'Crime', 'War"", '1990']",1,median,37523.31,37498.68,0.5211383,29,/*+  SeqScan(mc) SeqScan(ct) IndexScan(t title_pkey) IndexScan(mi movie_id_movie_info) IndexScan(it info_type_pkey) HashJoin(mc ct) NestLoop(mc ct t) NestLoop(mc ct t mi) NestLoop(mc ct t mi it) Leading(((((mc ct) t) mi) it)) */
"['production companies', '%(co-production)%', '%(presents)%', ""Germany', 'German"", '1950']",1,median,32490.71,32490.7,0.5409472,29,/*+  SeqScan(mc) SeqScan(ct) IndexScan(t title_pkey) IndexScan(mi movie_id_movie_info) IndexScan(it info_type_pkey) HashJoin(mc ct) NestLoop(mc ct t) NestLoop(mc ct t mi) NestLoop(mc ct t mi it) Leading(((((mc ct) t) mi) it)) */
"['distributors', '%(2007)%', '%(2006)%', ""Sweden', 'Norway', 'Germany', 'Denmark', 'Swedish', 'Denish', 'Norwegian', 'German', 'USA', 'American"", '2005']",1,median,33430.98,33425.05,0.5104183,29,/*+  SeqScan(mc) SeqScan(ct) IndexScan(t title_pkey) IndexScan(mi movie_id_movie_info) IndexScan(it info_type_pkey) HashJoin(mc ct) NestLoop(mc ct t) NestLoop(mc ct t mi) NestLoop(mc ct t mi it) Leading(((((mc ct) t) mi) it)) */
"['distributors', '%(theatrical)%', '%(worldwide)%', ""Drama', 'Horror"", '2005']",1,median,39416.57,39385.38,0.5251366,29,/*+  SeqScan(mc) SeqScan(ct) IndexScan(t title_pkey) IndexScan(mi movie_id_movie_info) IndexScan(it info_type_pkey) HashJoin(mc ct) NestLoop(mc ct t) NestLoop(mc ct t mi) NestLoop(mc ct t mi it) Leading(((((mc ct) t) mi) it)) */
"['distributors', '%(worldwide)%', '%(Blu-ray)%', ""Horror', 'Action', 'Sci-Fi', 'Thriller', 'Crime', 'War"", '1950']",1,median,32460.44,32460.43,0.5304609,29,/*+  SeqScan(mc) SeqScan(ct) IndexScan(t title_pkey) IndexScan(mi movie_id_movie_info) IndexScan(it info_type_pkey) HashJoin(mc ct) NestLoop(mc ct t) NestLoop(mc ct t mi) NestLoop(mc ct t mi it) Leading(((((mc ct) t) mi) it)) */
"['production companies', '%(200%)%', '%(2007)%', ""Sweden', 'Norway', 'Germany', 'Denmark', 'Swedish', 'Denish', 'Norwegian', 'German', 'USA', 'American"", '2000']",3,median,39329.16,39225.3,0.53727716,29,/*+  SeqScan(mc) SeqScan(ct) IndexScan(t title_pkey) IndexScan(mi movie_id_movie_info) IndexScan(it info_type_pkey) HashJoin(mc ct) NestLoop(mc ct t) NestLoop(mc ct t mi) NestLoop(mc ct t mi it) Leading(((((mc ct) t) mi) it)) */
"['distributors', '%(USA)%', '%(worldwide)%', ""Sweden', 'Norway', 'Germany', 'Denmark', 'Swedish', 'Denish', 'Norwegian', 'German', 'USA', 'American"", '1990']",1,median,44132.6,43872.33,0.5289773,29,/*+  SeqScan(mc) SeqScan(ct) IndexScan(t title_pkey) IndexScan(mi movie_id_movie_info) IndexScan(it info_type_pkey) HashJoin(mc ct) NestLoop(mc ct t) NestLoop(mc ct t mi) NestLoop(mc ct t mi it) Leading(((((mc ct) t) mi) it)) */
"['production companies', '%(worldwide)%', '%(2006)%', ""Sweden', 'Norway', 'Germany', 'Denmark', 'Swedish', 'Denish', 'Norwegian', 'German', 'USA', 'American"", '2000']",1,median,34191.3,34172.03,0.53277594,29,/*+  SeqScan(mc) SeqScan(ct) IndexScan(t title_pkey) IndexScan(mi movie_id_movie_info) IndexScan(it info_type_pkey) HashJoin(mc ct) NestLoop(mc ct t) NestLoop(mc ct t mi) NestLoop(mc ct t mi it) Leading(((((mc ct) t) mi) it)) */
"['production companies', '%(200%)%', '%(presents)%', ""Sweden', 'Norway', 'Germany', 'Denmark', 'Swedish', 'Denish', 'Norwegian', 'German', 'English"", '2005']",2,median,33426.54,33417.31,0.5236301,29,/*+  SeqScan(mc) SeqScan(ct) IndexScan(t title_pkey) IndexScan(mi movie_id_movie_info) IndexScan(it info_type_pkey) HashJoin(mc ct) NestLoop(mc ct t) NestLoop(mc ct t mi) NestLoop(mc ct t mi it) Leading(((((mc ct) t) mi) it)) */
"['distributors', '%(presents)%', '%(worldwide)%', ""Sweden', 'Norway', 'Germany', 'Denmark', 'Swedish', 'Denish', 'Norwegian', 'German', 'USA', 'American"", '1950']",1,median,32736.58,32734.51,0.5273754,29,/*+  SeqScan(mc) SeqScan(ct) IndexScan(t title_pkey) IndexScan(mi movie_id_movie_info) IndexScan(it info_type_pkey) HashJoin(mc ct) NestLoop(mc ct t) NestLoop(mc ct t mi) NestLoop(mc ct t mi it) Leading(((((mc ct) t) mi) it)) */
"['production companies', '%(200%)%', '%(2007)%', ""Germany', 'German', 'USA', 'American"", '2000']",2,median,39314.29,39212.95,0.5282862,29,/*+  SeqScan(mc) SeqScan(ct) IndexScan(t title_pkey) IndexScan(mi movie_id_movie_info) IndexScan(it info_type_pkey) HashJoin(mc ct) NestLoop(mc ct t) NestLoop(mc ct t mi) NestLoop(mc ct t mi it) Leading(((((mc ct) t) mi) it)) */
"['production companies', '%(worldwide)%', '%(200%)%', ""Sweden', 'Norway', 'Germany', 'Denmark', 'Swedish', 'Denish', 'Norwegian', 'German', 'English"", '2005']",1,median,42745.94,42557.82,0.5168944,29,/*+  SeqScan(mc) SeqScan(ct) IndexScan(t title_pkey) IndexScan(mi movie_id_movie_info) IndexScan(it info_type_pkey) HashJoin(mc ct) NestLoop(mc ct t) NestLoop(mc ct t mi) NestLoop(mc ct t mi it) Leading(((((mc ct) t) mi) it)) */
"['distributors', '%(USA)%', '%(Blu-ray)%', ""Sweden', 'Germany', 'Swedish', 'German"", '2000']",1,median,32460.57,32460.57,0.53553843,29,/*+  SeqScan(mc) SeqScan(ct) IndexScan(t title_pkey) IndexScan(mi movie_id_movie_info) IndexScan(it info_type_pkey) HashJoin(mc ct) NestLoop(mc ct t) NestLoop(mc ct t mi) NestLoop(mc ct t mi it) Leading(((((mc ct) t) mi) it)) */
"['production companies', '%(co-production)%', '%(presents)%', ""Sweden', 'Germany', 'Swedish', 'German"", '1950']",1,median,32491.13,32491.12,0.5409472,29,/*+  SeqScan(mc) SeqScan(ct) IndexScan(t title_pkey) IndexScan(mi movie_id_movie_info) IndexScan(it info_type_pkey) HashJoin(mc ct) NestLoop(mc ct t) NestLoop(mc ct t mi) NestLoop(mc ct t mi it) Leading(((((mc ct) t) mi) it)) */
"['distributors', '%(2007)%', '%(France)%', ""USA', 'America"", '2000']",1,median,32809.9,32809.69,0.5286832,29,/*+  SeqScan(mc) SeqScan(ct) IndexScan(t title_pkey) IndexScan(mi movie_id_movie_info) IndexScan(it info_type_pkey) HashJoin(mc ct) NestLoop(mc ct t) NestLoop(mc ct t mi) NestLoop(mc ct t mi it) Leading(((((mc ct) t) mi) it)) */
"['production companies', '%(co-production)%', '%(200%)%', ""Sweden', 'Norway', 'Germany', 'Denmark', 'Swedish', 'Denish', 'Norwegian', 'German', 'USA', 'American"", '1950']",3,median,34451.07,34413.99,0.5403624,29,/*+  SeqScan(mc) SeqScan(ct) IndexScan(t title_pkey) IndexScan(mi movie_id_movie_info) IndexScan(it info_type_pkey) HashJoin(mc ct) NestLoop(mc ct t) NestLoop(mc ct t mi) NestLoop(mc ct t mi it) Leading(((((mc ct) t) mi) it)) */
"['production companies', '%(2006)%', '%(worldwide)%', ""Sweden', 'Norway', 'Germany', 'Denmark', 'Swedish', 'Denish', 'Norwegian', 'German', 'USA', 'American"", '2000']",2,median,34191.3,34172.03,0.5278632,29,/*+  SeqScan(mc) SeqScan(ct) IndexScan(t title_pkey) IndexScan(mi movie_id_movie_info) IndexScan(it info_type_pkey) HashJoin(mc ct) NestLoop(mc ct t) NestLoop(mc ct t mi) NestLoop(mc ct t mi it) Leading(((((mc ct) t) mi) it)) */
"['production companies', '%(2006)%', '%(worldwide)%', ""Germany', 'German', 'USA', 'American"", '2000']",1,median,34188.05,34169.41,0.5269154,29,/*+  SeqScan(mc) SeqScan(ct) IndexScan(t title_pkey) IndexScan(mi movie_id_movie_info) IndexScan(it info_type_pkey) HashJoin(mc ct) NestLoop(mc ct t) NestLoop(mc ct t mi) NestLoop(mc ct t mi it) Leading(((((mc ct) t) mi) it)) */
"['production companies', '%(200%)%', '%(co-production)%', ""Sweden', 'Norway', 'Germany', 'Denmark', 'Swedish', 'Denish', 'Norwegian', 'German"", '2000']",3,median,34327.62,34325.89,0.5264988,29,/*+  SeqScan(mc) SeqScan(ct) IndexScan(t title_pkey) IndexScan(mi movie_id_movie_info) IndexScan(it info_type_pkey) HashJoin(mc ct) NestLoop(mc ct t) NestLoop(mc ct t mi) NestLoop(mc ct t mi it) Leading(((((mc ct) t) mi) it)) */
"['production companies', '%(worldwide)%', '%(200%)%', ""Sweden', 'Norway', 'Germany', 'Denmark', 'Swedish', 'Denish', 'Norwegian', 'German', 'English"", '2000']",1,median,43149.79,42893.8,0.5237179,29,/*+  SeqScan(mc) SeqScan(ct) IndexScan(t title_pkey) IndexScan(mi movie_id_movie_info) IndexScan(it info_type_pkey) HashJoin(mc ct) NestLoop(mc ct t) NestLoop(mc ct t mi) NestLoop(mc ct t mi it) Leading(((((mc ct) t) mi) it)) */
"['distributors', '%(200%)%', '%(worldwide)%', ""Sweden', 'Norway', 'Germany', 'Denmark', 'Swedish', 'Denish', 'Norwegian', 'German', 'USA', 'American"", '2000']",1,median,43072.14,42884.97,0.52573216,29,/*+  SeqScan(mc) SeqScan(ct) IndexScan(t title_pkey) IndexScan(mi movie_id_movie_info) IndexScan(it info_type_pkey) HashJoin(mc ct) NestLoop(mc ct t) NestLoop(mc ct t mi) NestLoop(mc ct t mi it) Leading(((((mc ct) t) mi) it)) */
"['production companies', '%(co-production)%', '%(presents)%', ""Sweden', 'Norway', 'Germany', 'Denmark', 'Swedish', 'Denish', 'Norwegian', 'German', 'USA', 'American"", '1990']",1,median,32490.32,32490.31,0.5275628,29,/*+  SeqScan(mc) SeqScan(ct) IndexScan(t title_pkey) IndexScan(mi movie_id_movie_info) IndexScan(it info_type_pkey) HashJoin(mc ct) NestLoop(mc ct t) NestLoop(mc ct t mi) NestLoop(mc ct t mi it) Leading(((((mc ct) t) mi) it)) */
"['distributors', '%(2006)%', '%(USA)%', ""Drama', 'Horror', 'Western', 'Family"", '2000']",1,median,38526.08,38484.98,0.5314612,29,/*+  SeqScan(mc) SeqScan(ct) IndexScan(t title_pkey) IndexScan(mi movie_id_movie_info) IndexScan(it info_type_pkey) HashJoin(mc ct) NestLoop(mc ct t) NestLoop(mc ct t mi) NestLoop(mc ct t mi it) Leading(((((mc ct) t) mi) it)) */
"['production companies', '%(co-production)%', '%(200%)%', ""Sweden', 'Norway', 'Germany', 'Denmark', 'Swedish', 'Denish', 'Norwegian', 'German', 'USA', 'American"", '1990']",3,median,34377.18,34349.54,0.522769,29,/*+  SeqScan(mc) SeqScan(ct) IndexScan(t title_pkey) IndexScan(mi movie_id_movie_info) IndexScan(it info_type_pkey) HashJoin(mc ct) NestLoop(mc ct t) NestLoop(mc ct t mi) NestLoop(mc ct t mi it) Leading(((((mc ct) t) mi) it)) */
"['distributors', '%(2006)%', '%(theatrical)%', ""Sweden', 'Norway', 'Germany', 'Denmark', 'Swedish', 'Denish', 'Norwegian', 'German', 'USA', 'American"", '2000']",1,median,36146.18,36097.96,0.53838056,29,/*+  SeqScan(mc) SeqScan(ct) IndexScan(t title_pkey) IndexScan(mi movie_id_movie_info) IndexScan(it info_type_pkey) HashJoin(mc ct) NestLoop(mc ct t) NestLoop(mc ct t mi) NestLoop(mc ct t mi it) Leading(((((mc ct) t) mi) it)) */
"['distributors', '%(Japan)%', '%(VHS)%', ""Horror', 'Action', 'Sci-Fi', 'Thriller', 'Crime', 'War"", '1990']",1,median,33216.99,33216.72,0.52617043,29,/*+  SeqScan(mc) SeqScan(ct) IndexScan(t title_pkey) IndexScan(mi movie_id_movie_info) IndexScan(it info_type_pkey) HashJoin(mc ct) NestLoop(mc ct t) NestLoop(mc ct t mi) NestLoop(mc ct t mi it) Leading(((((mc ct) t) mi) it)) */
"['distributors', '%(theatrical)%', '%(VHS)%', ""Sweden', 'Norway', 'Germany', 'Denmark', 'Swedish', 'Denish', 'Norwegian', 'German', 'USA', 'American"", '2005']",1,median,36322.0,36283.85,0.5176943,29,/*+  SeqScan(mc) SeqScan(ct) IndexScan(t title_pkey) IndexScan(mi movie_id_movie_info) IndexScan(it info_type_pkey) HashJoin(mc ct) NestLoop(mc ct t) NestLoop(mc ct t mi) NestLoop(mc ct t mi it) Leading(((((mc ct) t) mi) it)) */
"['production companies', '%(200%)%', '%(worldwide)%', ""Sweden', 'Norway', 'Germany', 'Denmark', 'Swedish', 'Denish', 'Norwegian', 'German', 'USA', 'American"", '2000']",4,median,43072.14,42884.97,0.527137,29,/*+  SeqScan(mc) SeqScan(ct) IndexScan(t title_pkey) IndexScan(mi movie_id_movie_info) IndexScan(it info_type_pkey) HashJoin(mc ct) NestLoop(mc ct t) NestLoop(mc ct t mi) NestLoop(mc ct t mi it) Leading(((((mc ct) t) mi) it)) */
"['production companies', '%(200%)%', '%(2007)%', ""Horror', 'Action', 'Sci-Fi', 'Thriller', 'Crime', 'War"", '1990']",1,median,39494.79,39456.6,0.5208821,29,/*+  SeqScan(mc) SeqScan(ct) IndexScan(t title_pkey) IndexScan(mi movie_id_movie_info) IndexScan(it info_type_pkey) HashJoin(mc ct) NestLoop(mc ct t) NestLoop(mc ct t mi) NestLoop(mc ct t mi it) Leading(((((mc ct) t) mi) it)) */
"['production companies', '%(2006)%', '%(200%)%', ""Sweden', 'Norway', 'Germany', 'Denmark', 'Swedish', 'Denish', 'Norwegian', 'German', 'English"", '1950']",1,median,38628.42,38439.87,0.52426285,29,/*+  SeqScan(mc) SeqScan(ct) IndexScan(t title_pkey) IndexScan(mi movie_id_movie_info) IndexScan(it info_type_pkey) HashJoin(mc ct) NestLoop(mc ct t) NestLoop(mc ct t mi) NestLoop(mc ct t mi it) Leading(((((mc ct) t) mi) it)) */
"['distributors', '%(2006)%', '%(200%)%', ""Sweden', 'Norway', 'Germany', 'Denmark', 'Swedish', 'Denish', 'Norwegian', 'German', 'USA', 'American"", '2010']",1,median,37681.05,37658.89,0.51788604,29,/*+  SeqScan(mc) SeqScan(ct) IndexScan(t title_pkey) IndexScan(mi movie_id_movie_info) IndexScan(it info_type_pkey) HashJoin(mc ct) NestLoop(mc ct t) NestLoop(mc ct t mi) NestLoop(mc ct t mi it) Leading(((((mc ct) t) mi) it)) */
"['production companies', '%(200%)%', '%(2006)%', ""Germany', 'German', 'USA', 'American"", '1990']",1,median,38298.93,38197.27,0.51114523,29,/*+  SeqScan(mc) SeqScan(ct) IndexScan(t title_pkey) IndexScan(mi movie_id_movie_info) IndexScan(it info_type_pkey) HashJoin(mc ct) NestLoop(mc ct t) NestLoop(mc ct t mi) NestLoop(mc ct t mi it) Leading(((((mc ct) t) mi) it)) */
"['distributors', '%(France)%', '%(200%)%', ""Horror', 'Action', 'Sci-Fi', 'Thriller', 'Crime', 'War"", '2000']",1,median,34707.09,34701.11,0.5202085,29,/*+  SeqScan(mc) SeqScan(ct) IndexScan(t title_pkey) IndexScan(mi movie_id_movie_info) IndexScan(it info_type_pkey) HashJoin(mc ct) NestLoop(mc ct t) NestLoop(mc ct t mi) NestLoop(mc ct t mi it) Leading(((((mc ct) t) mi) it)) */
"['production companies', '%(worldwide)%', '%(200%)%', ""Sweden', 'Norway', 'Germany', 'Denmark', 'Swedish', 'Denish', 'Norwegian', 'German', 'USA', 'American"", '2005']",2,median,42689.02,42551.36,0.5141152,29,/*+  SeqScan(mc) SeqScan(ct) IndexScan(t title_pkey) IndexScan(mi movie_id_movie_info) IndexScan(it info_type_pkey) HashJoin(mc ct) NestLoop(mc ct t) NestLoop(mc ct t mi) NestLoop(mc ct t mi it) Leading(((((mc ct) t) mi) it)) */
"['production companies', '%(worldwide)%', '%(200%)%', ""Sweden', 'Norway', 'Germany', 'Denmark', 'Swedish', 'Denish', 'Norwegian', 'German', 'English"", '1990']",1,median,43557.19,43232.69,0.51784945,29,/*+  SeqScan(mc) SeqScan(ct) IndexScan(t title_pkey) IndexScan(mi movie_id_movie_info) IndexScan(it info_type_pkey) HashJoin(mc ct) NestLoop(mc ct t) NestLoop(mc ct t mi) NestLoop(mc ct t mi it) Leading(((((mc ct) t) mi) it)) */
"['production companies', '%(200%)%', '%(presents)%', ""Sweden', 'Norway', 'Germany', 'Denmark', 'Swedish', 'Denish', 'Norwegian', 'German', 'English"", '1950']",1,median,33519.83,33494.89,0.5305213,29,/*+  SeqScan(mc) SeqScan(ct) IndexScan(t title_pkey) IndexScan(mi movie_id_movie_info) IndexScan(it info_type_pkey) HashJoin(mc ct) NestLoop(mc ct t) NestLoop(mc ct t mi) NestLoop(mc ct t mi it) Leading(((((mc ct) t) mi) it)) */
"['production companies', '%(200%)%', '%(co-production)%', ""Sweden', 'Norway', 'Germany', 'Denmark', 'Swedish', 'Denish', 'Norwegian', 'German', 'USA', 'American"", '2000']",3,median,34327.82,34306.76,0.53050625,29,/*+  SeqScan(mc) SeqScan(ct) IndexScan(t title_pkey) IndexScan(mi movie_id_movie_info) IndexScan(it info_type_pkey) HashJoin(mc ct) NestLoop(mc ct t) NestLoop(mc ct t mi) NestLoop(mc ct t mi it) Leading(((((mc ct) t) mi) it)) */
"['production companies', '%(200%)%', '%(worldwide)%', ""Germany', 'German', 'USA', 'American"", '2005']",1,median,42669.81,42535.27,0.51287246,29,/*+  SeqScan(mc) SeqScan(ct) IndexScan(t title_pkey) IndexScan(mi movie_id_movie_info) IndexScan(it info_type_pkey) HashJoin(mc ct) NestLoop(mc ct t) NestLoop(mc ct t mi) NestLoop(mc ct t mi it) Leading(((((mc ct) t) mi) it)) */
"['production companies', '%(presents)%', '%(co-production)%', ""Drama', 'Horror"", '2000']",1,median,32487.92,32487.91,0.5277371,29,/*+  SeqScan(mc) SeqScan(ct) IndexScan(t title_pkey) IndexScan(mi movie_id_movie_info) IndexScan(it info_type_pkey) HashJoin(mc ct) NestLoop(mc ct t) NestLoop(mc ct t mi) NestLoop(mc ct t mi it) Leading(((((mc ct) t) mi) it)) */
"['distributors', '%(2006)%', '%(USA)%', ""Sweden', 'Norway', 'Germany', 'Denmark', 'Swedish', 'Denish', 'Norwegian', 'German', 'English"", '2010']",1,median,38098.39,38064.23,0.51178277,29,/*+  SeqScan(mc) SeqScan(ct) IndexScan(t title_pkey) IndexScan(mi movie_id_movie_info) IndexScan(it info_type_pkey) HashJoin(mc ct) NestLoop(mc ct t) NestLoop(mc ct t mi) NestLoop(mc ct t mi it) Leading(((((mc ct) t) mi) it)) */
"['distributors', '%(VHS)%', '%(worldwide)%', ""Sweden', 'Norway', 'Germany', 'Denmark', 'Swedish', 'Denish', 'Norwegian', 'German', 'USA', 'American"", '2000']",2,median,34335.14,34313.92,0.53730637,29,/*+  SeqScan(mc) SeqScan(ct) IndexScan(t title_pkey) IndexScan(mi movie_id_movie_info) IndexScan(it info_type_pkey) HashJoin(mc ct) NestLoop(mc ct t) NestLoop(mc ct t mi) NestLoop(mc ct t mi it) Leading(((((mc ct) t) mi) it)) */
"['production companies', '%(presents)%', '%(co-production)%', ""Horror', 'Action', 'Sci-Fi', 'Thriller', 'Crime', 'War"", '1950']",1,median,32491.72,32491.71,0.5379112,29,/*+  SeqScan(mc) SeqScan(ct) IndexScan(t title_pkey) IndexScan(mi movie_id_movie_info) IndexScan(it info_type_pkey) HashJoin(mc ct) NestLoop(mc ct t) NestLoop(mc ct t mi) NestLoop(mc ct t mi it) Leading(((((mc ct) t) mi) it)) */
"['production companies', '%(presents)%', '%(co-production)%', ""Sweden', 'Norway', 'Germany', 'Denmark', 'Swedish', 'Denish', 'Norwegian', 'German"", '2000']",2,median,32488.45,32488.44,0.53209895,29,/*+  SeqScan(mc) SeqScan(ct) IndexScan(t title_pkey) IndexScan(mi movie_id_movie_info) IndexScan(it info_type_pkey) HashJoin(mc ct) NestLoop(mc ct t) NestLoop(mc ct t mi) NestLoop(mc ct t mi it) Leading(((((mc ct) t) mi) it)) */
"['production companies', '%(2006)%', '%(200%)%', ""Drama', 'Horror"", '2005']",1,median,37891.53,37869.37,0.5146862,29,/*+  SeqScan(mc) SeqScan(ct) IndexScan(t title_pkey) IndexScan(mi movie_id_movie_info) IndexScan(it info_type_pkey) HashJoin(mc ct) NestLoop(mc ct t) NestLoop(mc ct t mi) NestLoop(mc ct t mi it) Leading(((((mc ct) t) mi) it)) */
"['production companies', '%(presents)%', '%(co-production)%', ""Horror', 'Action', 'Sci-Fi', 'Thriller', 'Crime', 'War"", '1990']",2,median,32490.03,32490.02,0.52434397,29,/*+  SeqScan(mc) SeqScan(ct) IndexScan(t title_pkey) IndexScan(mi movie_id_movie_info) IndexScan(it info_type_pkey) HashJoin(mc ct) NestLoop(mc ct t) NestLoop(mc ct t mi) NestLoop(mc ct t mi it) Leading(((((mc ct) t) mi) it)) */
"['distributors', '%(VHS)%', '%(USA)%', ""Sweden', 'Norway', 'Germany', 'Denmark', 'Swedish', 'Denish', 'Norwegian', 'German', 'USA', 'American"", '2005']",1,median,38839.38,38767.41,0.534365,29,/*+  SeqScan(mc) SeqScan(ct) IndexScan(t title_pkey) IndexScan(mi movie_id_movie_info) IndexScan(it info_type_pkey) HashJoin(mc ct) NestLoop(mc ct t) NestLoop(mc ct t mi) NestLoop(mc ct t mi it) Leading(((((mc ct) t) mi) it)) */
"['production companies', '%(presents)%', '%(co-production)%', ""Sweden', 'Norway', 'Germany', 'Denmark', 'Swedish', 'Denish', 'Norwegian', 'German', 'USA', 'American"", '2000']",2,median,32488.54,32488.53,0.5305398,29,/*+  SeqScan(mc) SeqScan(ct) IndexScan(t title_pkey) IndexScan(mi movie_id_movie_info) IndexScan(it info_type_pkey) HashJoin(mc ct) NestLoop(mc ct t) NestLoop(mc ct t mi) NestLoop(mc ct t mi it) Leading(((((mc ct) t) mi) it)) */
"['production companies', '%(200%)%', '%(worldwide)%', ""Sweden', 'Norway', 'Germany', 'Denmark', 'Swedish', 'Denish', 'Norwegian', 'German', 'English"", '1990']",1,median,43557.19,43232.69,0.5117631,29,/*+  SeqScan(mc) SeqScan(ct) IndexScan(t title_pkey) IndexScan(mi movie_id_movie_info) IndexScan(it info_type_pkey) HashJoin(mc ct) NestLoop(mc ct t) NestLoop(mc ct t mi) NestLoop(mc ct t mi it) Leading(((((mc ct) t) mi) it)) */
"['distributors', '%(200%)%', '%(2007)%', ""Drama', 'Horror', 'Western', 'Family"", '2000']",1,median,39253.85,39206.25,0.52972096,29,/*+  SeqScan(mc) SeqScan(ct) IndexScan(t title_pkey) IndexScan(mi movie_id_movie_info) IndexScan(it info_type_pkey) HashJoin(mc ct) NestLoop(mc ct t) NestLoop(mc ct t mi) NestLoop(mc ct t mi it) Leading(((((mc ct) t) mi) it)) */
"['distributors', '%(USA)%', '%(worldwide)%', ""Sweden', 'Norway', 'Germany', 'Denmark', 'Swedish', 'Denish', 'Norwegian', 'German"", '1950']",1,median,44755.54,44687.89,0.52004015,29,/*+  SeqScan(mc) SeqScan(ct) IndexScan(t title_pkey) IndexScan(mi movie_id_movie_info) IndexScan(it info_type_pkey) HashJoin(mc ct) NestLoop(mc ct t) NestLoop(mc ct t mi) NestLoop(mc ct t mi it) Leading(((((mc ct) t) mi) it)) */
"['production companies', '%(co-production)%', '%(presents)%', ""Horror', 'Action', 'Sci-Fi', 'Thriller', 'Crime', 'War"", '2000']",1,median,32488.34,32488.33,0.5427036,29,/*+  SeqScan(mc) SeqScan(ct) IndexScan(t title_pkey) IndexScan(mi movie_id_movie_info) IndexScan(it info_type_pkey) HashJoin(mc ct) NestLoop(mc ct t) NestLoop(mc ct t mi) NestLoop(mc ct t mi it) Leading(((((mc ct) t) mi) it)) */
"['production companies', '%(worldwide)%', '%(2006)%', ""Germany', 'German', 'USA', 'American"", '2000']",2,median,34188.05,34169.41,0.5283087,29,/*+  SeqScan(mc) SeqScan(ct) IndexScan(t title_pkey) IndexScan(mi movie_id_movie_info) IndexScan(it info_type_pkey) HashJoin(mc ct) NestLoop(mc ct t) NestLoop(mc ct t mi) NestLoop(mc ct t mi it) Leading(((((mc ct) t) mi) it)) */
"['production companies', '%(worldwide)%', '%(200%)%', ""Sweden', 'Norway', 'Germany', 'Denmark', 'Swedish', 'Denish', 'Norwegian', 'German', 'USA', 'American"", '2000']",4,median,43072.14,42884.97,0.52781004,29,/*+  SeqScan(mc) SeqScan(ct) IndexScan(t title_pkey) IndexScan(mi movie_id_movie_info) IndexScan(it info_type_pkey) HashJoin(mc ct) NestLoop(mc ct t) NestLoop(mc ct t mi) NestLoop(mc ct t mi it) Leading(((((mc ct) t) mi) it)) */
"['production companies', '%(2006)%', '%(200%)%', ""Drama', 'Horror', 'Western', 'Family"", '2000']",1,median,38081.52,38044.28,0.5247828,29,/*+  SeqScan(mc) SeqScan(ct) IndexScan(t title_pkey) IndexScan(mi movie_id_movie_info) IndexScan(it info_type_pkey) HashJoin(mc ct) NestLoop(mc ct t) NestLoop(mc ct t mi) NestLoop(mc ct t mi it) Leading(((((mc ct) t) mi) it)) */
"['distributors', '%(200%)%', '%(Japan)%', ""Sweden', 'Norway', 'Germany', 'Denmark', 'Swedish', 'Denish', 'Norwegian', 'German', 'USA', 'American"", '2010']",1,median,37020.74,37002.41,0.5236488,29,/*+  SeqScan(mc) SeqScan(ct) IndexScan(t title_pkey) IndexScan(mi movie_id_movie_info) IndexScan(it info_type_pkey) HashJoin(mc ct) NestLoop(mc ct t) NestLoop(mc ct t mi) NestLoop(mc ct t mi it) Leading(((((mc ct) t) mi) it)) */
"['production companies', '%(200%)%', '%(2006)%', ""Sweden', 'Norway', 'Germany', 'Denmark', 'Swedish', 'Denish', 'Norwegian', 'German', 'USA', 'American"", '2005']",2,median,37970.21,37910.65,0.532556,29,/*+  SeqScan(mc) SeqScan(ct) IndexScan(t title_pkey) IndexScan(mi movie_id_movie_info) IndexScan(it info_type_pkey) HashJoin(mc ct) NestLoop(mc ct t) NestLoop(mc ct t mi) NestLoop(mc ct t mi it) Leading(((((mc ct) t) mi) it)) */
"['production companies', '%(200%)%', '%(2007)%', ""Horror', 'Action', 'Sci-Fi', 'Thriller', 'Crime', 'War"", '2000']",1,median,39287.22,39257.22,0.5267048,29,/*+  SeqScan(mc) SeqScan(ct) IndexScan(t title_pkey) IndexScan(mi movie_id_movie_info) IndexScan(it info_type_pkey) HashJoin(mc ct) NestLoop(mc ct t) NestLoop(mc ct t mi) NestLoop(mc ct t mi it) Leading(((((mc ct) t) mi) it)) */
"['distributors', '%(Blu-ray)%', '%(200%)%', ""Sweden', 'Germany', 'Swedish', 'German"", '2005']",1,median,32460.77,32460.77,0.5265076,29,/*+  SeqScan(mc) SeqScan(ct) IndexScan(t title_pkey) IndexScan(mi movie_id_movie_info) IndexScan(it info_type_pkey) HashJoin(mc ct) NestLoop(mc ct t) NestLoop(mc ct t mi) NestLoop(mc ct t mi it) Leading(((((mc ct) t) mi) it)) */
"['production companies', '%(worldwide)%', '%(2006)%', ""Sweden', 'Norway', 'Germany', 'Denmark', 'Swedish', 'Denish', 'Norwegian', 'German', 'English"", '2000']",2,median,34200.51,34173.08,0.53179467,29,/*+  SeqScan(mc) SeqScan(ct) IndexScan(t title_pkey) IndexScan(mi movie_id_movie_info) IndexScan(it info_type_pkey) HashJoin(mc ct) NestLoop(mc ct t) NestLoop(mc ct t mi) NestLoop(mc ct t mi it) Leading(((((mc ct) t) mi) it)) */
"['production companies', '%(200%)%', '%(worldwide)%', ""Sweden', 'Norway', 'Germany', 'Denmark', 'Swedish', 'Denish', 'Norwegian', 'German', 'USA', 'American"", '1950']",1,median,44030.89,43719.89,0.5242387,29,/*+  SeqScan(mc) SeqScan(ct) IndexScan(t title_pkey) IndexScan(mi movie_id_movie_info) IndexScan(it info_type_pkey) HashJoin(mc ct) NestLoop(mc ct t) NestLoop(mc ct t mi) NestLoop(mc ct t mi it) Leading(((((mc ct) t) mi) it)) */
"['distributors', '%(France)%', '%(200%)%', ""Horror', 'Action', 'Sci-Fi', 'Thriller', 'Crime', 'War"", '1950']",1,median,34852.2,34840.59,0.5292677,29,/*+  SeqScan(mc) SeqScan(ct) IndexScan(t title_pkey) IndexScan(mi movie_id_movie_info) IndexScan(it info_type_pkey) HashJoin(mc ct) NestLoop(mc ct t) NestLoop(mc ct t mi) NestLoop(mc ct t mi it) Leading(((((mc ct) t) mi) it)) */
"['production companies', '%(200%)%', '%(co-production)%', ""Sweden', 'Norway', 'Germany', 'Denmark', 'Swedish', 'Denish', 'Norwegian', 'German', 'English"", '2000']",2,median,34337.91,34307.91,0.5302378,29,/*+  SeqScan(mc) SeqScan(ct) IndexScan(t title_pkey) IndexScan(mi movie_id_movie_info) IndexScan(it info_type_pkey) HashJoin(mc ct) NestLoop(mc ct t) NestLoop(mc ct t mi) NestLoop(mc ct t mi it) Leading(((((mc ct) t) mi) it)) */
"['distributors', '%(France)%', '%(200%)%', ""Sweden', 'Germany', 'Swedish', 'German"", '2000']",2,median,34688.86,34686.5,0.51762766,29,/*+  SeqScan(mc) SeqScan(ct) IndexScan(t title_pkey) IndexScan(mi movie_id_movie_info) IndexScan(it info_type_pkey) HashJoin(mc ct) NestLoop(mc ct t) NestLoop(mc ct t mi) NestLoop(mc ct t mi it) Leading(((((mc ct) t) mi) it)) */
"['production companies', '%(presents)%', '%(co-production)%', ""Drama', 'Horror', 'Western', 'Family"", '1950']",1,median,32491.3,32491.29,0.53324085,29,/*+  SeqScan(mc) SeqScan(ct) IndexScan(t title_pkey) IndexScan(mi movie_id_movie_info) IndexScan(it info_type_pkey) HashJoin(mc ct) NestLoop(mc ct t) NestLoop(mc ct t mi) NestLoop(mc ct t mi it) Leading(((((mc ct) t) mi) it)) */
"['distributors', '%(Blu-ray)%', '%(worldwide)%', ""Drama', 'Horror', 'Western', 'Family"", '2010']",1,median,32461.95,32461.94,0.523791,29,/*+  SeqScan(mc) SeqScan(ct) IndexScan(t title_pkey) IndexScan(mi movie_id_movie_info) IndexScan(it info_type_pkey) HashJoin(mc ct) NestLoop(mc ct t) NestLoop(mc ct t mi) NestLoop(mc ct t mi it) Leading(((((mc ct) t) mi) it)) */
"['distributors', '%(USA)%', '%(worldwide)%', ""Sweden', 'Norway', 'Germany', 'Denmark', 'Swedish', 'Denish', 'Norwegian', 'German', 'USA', 'American"", '2000']",1,median,43706.48,43500.86,0.5241954,29,/*+  SeqScan(mc) SeqScan(ct) IndexScan(t title_pkey) IndexScan(mi movie_id_movie_info) IndexScan(it info_type_pkey) HashJoin(mc ct) NestLoop(mc ct t) NestLoop(mc ct t mi) NestLoop(mc ct t mi it) Leading(((((mc ct) t) mi) it)) */
"['distributors', '%(2007)%', '%(200%)%', ""Horror', 'Thriller"", '2000']",1,median,39164.31,39153.47,0.5264097,29,/*+  SeqScan(mc) SeqScan(ct) IndexScan(t title_pkey) IndexScan(mi movie_id_movie_info) IndexScan(it info_type_pkey) HashJoin(mc ct) NestLoop(mc ct t) NestLoop(mc ct t mi) NestLoop(mc ct t mi it) Leading(((((mc ct) t) mi) it)) */
"['production companies', '%(2006)%', '%(worldwide)%', ""Sweden', 'Norway', 'Germany', 'Denmark', 'Swedish', 'Denish', 'Norwegian', 'German', 'English"", '2005']",1,median,34151.81,34132.55,0.51939094,29,/*+  SeqScan(mc) SeqScan(ct) IndexScan(t title_pkey) IndexScan(mi movie_id_movie_info) IndexScan(it info_type_pkey) HashJoin(mc ct) NestLoop(mc ct t) NestLoop(mc ct t mi) NestLoop(mc ct t mi it) Leading(((((mc ct) t) mi) it)) */
"['production companies', '%(200%)%', '%(2006)%', ""Sweden', 'Norway', 'Germany', 'Denmark', 'Swedish', 'Denish', 'Norwegian', 'German', 'USA', 'American"", '1950']",1,median,38570.45,38433.28,0.527647,29,/*+  SeqScan(mc) SeqScan(ct) IndexScan(t title_pkey) IndexScan(mi movie_id_movie_info) IndexScan(it info_type_pkey) HashJoin(mc ct) NestLoop(mc ct t) NestLoop(mc ct t mi) NestLoop(mc ct t mi it) Leading(((((mc ct) t) mi) it)) */
"['distributors', '%(2006)%', '%(USA)%', ""Germany', 'German"", '2000']",1,median,38453.69,38439.16,0.5272983,29,/*+  SeqScan(mc) SeqScan(ct) IndexScan(t title_pkey) IndexScan(mi movie_id_movie_info) IndexScan(it info_type_pkey) HashJoin(mc ct) NestLoop(mc ct t) NestLoop(mc ct t mi) NestLoop(mc ct t mi it) Leading(((((mc ct) t) mi) it)) */
"['distributors', '%(200%)%', '%(theatrical)%', ""Sweden', 'Norway', 'Germany', 'Denmark', 'Swedish', 'Denish', 'Norwegian', 'German', 'USA', 'American"", '2010']",1,median,48098.76,47971.12,0.5198519,29,/*+  SeqScan(mc) SeqScan(ct) IndexScan(t title_pkey) IndexScan(mi movie_id_movie_info) IndexScan(it info_type_pkey) HashJoin(mc ct) NestLoop(mc ct t) NestLoop(mc ct t mi) NestLoop(mc ct t mi it) Leading(((((mc ct) t) mi) it)) */
"['distributors', '%(Blu-ray)%', '%(2006)%', ""Sweden', 'Norway', 'Germany', 'Denmark', 'Swedish', 'Denish', 'Norwegian', 'German', 'USA', 'American"", '2000']",1,median,32460.59,32460.58,0.51886266,29,/*+  SeqScan(mc) SeqScan(ct) IndexScan(t title_pkey) IndexScan(mi movie_id_movie_info) IndexScan(it info_type_pkey) HashJoin(mc ct) NestLoop(mc ct t) NestLoop(mc ct t mi) NestLoop(mc ct t mi it) Leading(((((mc ct) t) mi) it)) */
"['production companies', '%(co-production)%', '%(presents)%', ""Sweden', 'Norway', 'Germany', 'Denmark', 'Swedish', 'Denish', 'Norwegian', 'German', 'USA', 'American"", '2000']",3,median,32488.54,32488.53,0.5398776,29,/*+  SeqScan(mc) SeqScan(ct) IndexScan(t title_pkey) IndexScan(mi movie_id_movie_info) IndexScan(it info_type_pkey) HashJoin(mc ct) NestLoop(mc ct t) NestLoop(mc ct t mi) NestLoop(mc ct t mi it) Leading(((((mc ct) t) mi) it)) */
"['production companies', '%(2006)%', '%(200%)%', ""Sweden', 'Norway', 'Germany', 'Denmark', 'Swedish', 'Denish', 'Norwegian', 'German', 'English"", '2000']",1,median,38176.03,38063.36,0.535081,29,/*+  SeqScan(mc) SeqScan(ct) IndexScan(t title_pkey) IndexScan(mi movie_id_movie_info) IndexScan(it info_type_pkey) HashJoin(mc ct) NestLoop(mc ct t) NestLoop(mc ct t mi) NestLoop(mc ct t mi it) Leading(((((mc ct) t) mi) it)) */
"['production companies', '%(co-production)%', '%(presents)%', ""Sweden', 'Norway', 'Germany', 'Denmark', 'Swedish', 'Denish', 'Norwegian', 'German', 'English"", '2000']",1,median,32488.72,32488.7,0.5405205,29,/*+  SeqScan(mc) SeqScan(ct) IndexScan(t title_pkey) IndexScan(mi movie_id_movie_info) IndexScan(it info_type_pkey) HashJoin(mc ct) NestLoop(mc ct t) NestLoop(mc ct t mi) NestLoop(mc ct t mi it) Leading(((((mc ct) t) mi) it)) */
"['production companies', '%(2007)%', '%(200%)%', ""Sweden', 'Norway', 'Germany', 'Denmark', 'Swedish', 'Denish', 'Norwegian', 'German', 'USA', 'American"", '2005']",1,median,39113.77,39037.87,0.51048255,29,/*+  SeqScan(mc) SeqScan(ct) IndexScan(t title_pkey) IndexScan(mi movie_id_movie_info) IndexScan(it info_type_pkey) HashJoin(mc ct) NestLoop(mc ct t) NestLoop(mc ct t mi) NestLoop(mc ct t mi it) Leading(((((mc ct) t) mi) it)) */
"['production companies', '%(200%)%', '%(co-production)%', ""Sweden', 'Norway', 'Germany', 'Denmark', 'Swedish', 'Denish', 'Norwegian', 'German"", '1990']",1,median,34376.72,34373.74,0.51974136,29,/*+  SeqScan(mc) SeqScan(ct) IndexScan(t title_pkey) IndexScan(mi movie_id_movie_info) IndexScan(it info_type_pkey) HashJoin(mc ct) NestLoop(mc ct t) NestLoop(mc ct t mi) NestLoop(mc ct t mi it) Leading(((((mc ct) t) mi) it)) */
"['production companies', '%(200%)%', '%(presents)%', ""Drama', 'Horror', 'Western', 'Family"", '2000']",1,median,33438.22,33435.73,0.5288679,29,/*+  SeqScan(mc) SeqScan(ct) IndexScan(t title_pkey) IndexScan(mi movie_id_movie_info) IndexScan(it info_type_pkey) HashJoin(mc ct) NestLoop(mc ct t) NestLoop(mc ct t mi) NestLoop(mc ct t mi it) Leading(((((mc ct) t) mi) it)) */
"['production companies', '%(200%)%', '%(worldwide)%', ""Sweden', 'Norway', 'Germany', 'Denmark', 'Swedish', 'Denish', 'Norwegian', 'German', 'English"", '2005']",1,median,42745.94,42557.82,0.51438445,29,/*+  SeqScan(mc) SeqScan(ct) IndexScan(t title_pkey) IndexScan(mi movie_id_movie_info) IndexScan(it info_type_pkey) HashJoin(mc ct) NestLoop(mc ct t) NestLoop(mc ct t mi) NestLoop(mc ct t mi it) Leading(((((mc ct) t) mi) it)) */
"['distributors', '%(co-production)%', '%(France)%', ""Sweden', 'Norway', 'Germany', 'Denmark', 'Swedish', 'Denish', 'Norwegian', 'German', 'English"", '2005']",1,median,32536.18,32536.15,0.52471215,29,/*+  SeqScan(mc) SeqScan(ct) IndexScan(t title_pkey) IndexScan(mi movie_id_movie_info) IndexScan(it info_type_pkey) HashJoin(mc ct) NestLoop(mc ct t) NestLoop(mc ct t mi) NestLoop(mc ct t mi it) Leading(((((mc ct) t) mi) it)) */
"['distributors', '%(theatrical)%', '%(Blu-ray)%', ""USA', 'America"", '2000']",1,median,32460.47,32460.46,0.52614903,29,/*+  SeqScan(mc) SeqScan(ct) IndexScan(t title_pkey) IndexScan(mi movie_id_movie_info) IndexScan(it info_type_pkey) HashJoin(mc ct) NestLoop(mc ct t) NestLoop(mc ct t mi) NestLoop(mc ct t mi it) Leading(((((mc ct) t) mi) it)) */
"['production companies', '%(2007)%', '%(200%)%', ""Sweden', 'Norway', 'Germany', 'Denmark', 'Swedish', 'Denish', 'Norwegian', 'German', 'USA', 'American"", '1950']",2,median,39870.33,39696.7,0.52461857,29,/*+  SeqScan(mc) SeqScan(ct) IndexScan(t title_pkey) IndexScan(mi movie_id_movie_info) IndexScan(it info_type_pkey) HashJoin(mc ct) NestLoop(mc ct t) NestLoop(mc ct t mi) NestLoop(mc ct t mi it) Leading(((((mc ct) t) mi) it)) */
"['distributors', '%(Japan)%', '%(200%)%', ""Sweden', 'Norway', 'Germany', 'Denmark', 'Swedish', 'Denish', 'Norwegian', 'German', 'USA', 'American"", '2010']",1,median,37020.74,37002.41,0.5174808,29,/*+  SeqScan(mc) SeqScan(ct) IndexScan(t title_pkey) IndexScan(mi movie_id_movie_info) IndexScan(it info_type_pkey) HashJoin(mc ct) NestLoop(mc ct t) NestLoop(mc ct t mi) NestLoop(mc ct t mi it) Leading(((((mc ct) t) mi) it)) */
"['distributors', '%(200%)%', '%(theatrical)%', ""Sweden', 'Norway', 'Germany', 'Denmark', 'Swedish', 'Denish', 'Norwegian', 'German', 'USA', 'American"", '2005']",1,median,49574.29,49256.19,0.5188748,29,/*+  SeqScan(mc) SeqScan(ct) IndexScan(t title_pkey) IndexScan(mi movie_id_movie_info) IndexScan(it info_type_pkey) HashJoin(mc ct) NestLoop(mc ct t) NestLoop(mc ct t mi) NestLoop(mc ct t mi it) Leading(((((mc ct) t) mi) it)) */
"['production companies', '%(2006)%', '%(200%)%', ""Sweden', 'Norway', 'Germany', 'Denmark', 'Swedish', 'Denish', 'Norwegian', 'German', 'USA', 'American"", '2005']",1,median,37970.21,37910.65,0.50841093,29,/*+  SeqScan(mc) SeqScan(ct) IndexScan(t title_pkey) IndexScan(mi movie_id_movie_info) IndexScan(it info_type_pkey) HashJoin(mc ct) NestLoop(mc ct t) NestLoop(mc ct t mi) NestLoop(mc ct t mi it) Leading(((((mc ct) t) mi) it)) */
"['production companies', '%(200%)%', '%(worldwide)%', ""Sweden', 'Norway', 'Germany', 'Denmark', 'Swedish', 'Denish', 'Norwegian', 'German', 'USA', 'American"", '2005']",1,median,42689.02,42551.36,0.5139847,29,/*+  SeqScan(mc) SeqScan(ct) IndexScan(t title_pkey) IndexScan(mi movie_id_movie_info) IndexScan(it info_type_pkey) HashJoin(mc ct) NestLoop(mc ct t) NestLoop(mc ct t mi) NestLoop(mc ct t mi it) Leading(((((mc ct) t) mi) it)) */
"['production companies', '%(200%)%', '%(worldwide)%', ""USA', 'America"", '2000']",1,median,42921.93,42770.42,0.5241076,29,/*+  SeqScan(mc) SeqScan(ct) IndexScan(t title_pkey) IndexScan(mi movie_id_movie_info) IndexScan(it info_type_pkey) HashJoin(mc ct) NestLoop(mc ct t) NestLoop(mc ct t mi) NestLoop(mc ct t mi it) Leading(((((mc ct) t) mi) it)) */
"['production companies', '%(200%)%', '%(co-production)%', ""Sweden', 'Norway', 'Germany', 'Denmark', 'Swedish', 'Denish', 'Norwegian', 'German', 'USA', 'American"", '1990']",2,median,34377.18,34349.54,0.5197273,29,/*+  SeqScan(mc) SeqScan(ct) IndexScan(t title_pkey) IndexScan(mi movie_id_movie_info) IndexScan(it info_type_pkey) HashJoin(mc ct) NestLoop(mc ct t) NestLoop(mc ct t mi) NestLoop(mc ct t mi it) Leading(((((mc ct) t) mi) it)) */
"['distributors', '%(Japan)%', '%(2007)%', ""Sweden', 'Norway', 'Germany', 'Denmark', 'Swedish', 'Denish', 'Norwegian', 'German', 'USA', 'American"", '2000']",1,median,33312.31,33305.02,0.5277451,29,/*+  SeqScan(mc) SeqScan(ct) IndexScan(t title_pkey) IndexScan(mi movie_id_movie_info) IndexScan(it info_type_pkey) HashJoin(mc ct) NestLoop(mc ct t) NestLoop(mc ct t mi) NestLoop(mc ct t mi it) Leading(((((mc ct) t) mi) it)) */
"['distributors', '%(Blu-ray)%', '%(Japan)%', ""Horror', 'Action', 'Sci-Fi', 'Thriller', 'Crime', 'War"", '2005']",1,median,32460.86,32460.85,0.5251316,29,/*+  SeqScan(mc) SeqScan(ct) IndexScan(t title_pkey) IndexScan(mi movie_id_movie_info) IndexScan(it info_type_pkey) HashJoin(mc ct) NestLoop(mc ct t) NestLoop(mc ct t mi) NestLoop(mc ct t mi it) Leading(((((mc ct) t) mi) it)) */
"['distributors', '%(France)%', '%(co-production)%', ""Sweden', 'Norway', 'Germany', 'Denmark', 'Swedish', 'Denish', 'Norwegian', 'German', 'English"", '2010']",1,median,32530.35,32530.32,0.51062614,29,/*+  SeqScan(mc) SeqScan(ct) IndexScan(t title_pkey) IndexScan(mi movie_id_movie_info) IndexScan(it info_type_pkey) HashJoin(mc ct) NestLoop(mc ct t) NestLoop(mc ct t mi) NestLoop(mc ct t mi it) Leading(((((mc ct) t) mi) it)) */
"['distributors', '%(theatrical)%', '%(VHS)%', ""Horror', 'Action', 'Sci-Fi', 'Thriller', 'Crime', 'War"", '1990']",1,median,36522.8,36504.46,0.51966214,29,/*+  SeqScan(mc) SeqScan(ct) IndexScan(t title_pkey) IndexScan(mi movie_id_movie_info) IndexScan(it info_type_pkey) HashJoin(mc ct) NestLoop(mc ct t) NestLoop(mc ct t mi) NestLoop(mc ct t mi it) Leading(((((mc ct) t) mi) it)) */
"['production companies', '%(co-production)%', '%(200%)%', ""Sweden', 'Norway', 'Germany', 'Denmark', 'Swedish', 'Denish', 'Norwegian', 'German', 'USA', 'American"", '2000']",3,median,34327.82,34306.76,0.5437996,29,/*+  SeqScan(mc) SeqScan(ct) IndexScan(t title_pkey) IndexScan(mi movie_id_movie_info) IndexScan(it info_type_pkey) HashJoin(mc ct) NestLoop(mc ct t) NestLoop(mc ct t mi) NestLoop(mc ct t mi it) Leading(((((mc ct) t) mi) it)) */
"['distributors', '%(200%)%', '%(2006)%', ""Sweden', 'Germany', 'Swedish', 'German"", '2005']",1,median,37908.23,37898.98,0.5279953,29,/*+  SeqScan(mc) SeqScan(ct) IndexScan(t title_pkey) IndexScan(mi movie_id_movie_info) IndexScan(it info_type_pkey) HashJoin(mc ct) NestLoop(mc ct t) NestLoop(mc ct t mi) NestLoop(mc ct t mi it) Leading(((((mc ct) t) mi) it)) */
"['production companies', '%(co-production)%', '%(presents)%', ""Germany', 'German"", '2000']",1,median,32487.82,32487.81,0.5364471,29,/*+  SeqScan(mc) SeqScan(ct) IndexScan(t title_pkey) IndexScan(mi movie_id_movie_info) IndexScan(it info_type_pkey) HashJoin(mc ct) NestLoop(mc ct t) NestLoop(mc ct t mi) NestLoop(mc ct t mi it) Leading(((((mc ct) t) mi) it)) */
"['production companies', '%(2007)%', '%(200%)%', ""Drama', 'Horror"", '2000']",1,median,39193.86,39154.42,0.5218333,29,/*+  SeqScan(mc) SeqScan(ct) IndexScan(t title_pkey) IndexScan(mi movie_id_movie_info) IndexScan(it info_type_pkey) HashJoin(mc ct) NestLoop(mc ct t) NestLoop(mc ct t mi) NestLoop(mc ct t mi it) Leading(((((mc ct) t) mi) it)) */
"['distributors', '%(2006)%', '%(Blu-ray)%', ""Sweden', 'Germany', 'Swedish', 'German"", '2000']",1,median,32460.55,32460.54,0.5293304,29,/*+  SeqScan(mc) SeqScan(ct) IndexScan(t title_pkey) IndexScan(mi movie_id_movie_info) IndexScan(it info_type_pkey) HashJoin(mc ct) NestLoop(mc ct t) NestLoop(mc ct t mi) NestLoop(mc ct t mi it) Leading(((((mc ct) t) mi) it)) */
"['production companies', '%(presents)%', '%(co-production)%', ""Horror', 'Action', 'Sci-Fi', 'Thriller', 'Crime', 'War"", '2000']",2,median,32488.34,32488.33,0.5367555,29,/*+  SeqScan(mc) SeqScan(ct) IndexScan(t title_pkey) IndexScan(mi movie_id_movie_info) IndexScan(it info_type_pkey) HashJoin(mc ct) NestLoop(mc ct t) NestLoop(mc ct t mi) NestLoop(mc ct t mi it) Leading(((((mc ct) t) mi) it)) */
"['distributors', '%(2007)%', '%(Japan)%', ""Horror', 'Action', 'Sci-Fi', 'Thriller', 'Crime', 'War"", '2005']",1,median,33285.8,33285.49,0.5155803,29,/*+  SeqScan(mc) SeqScan(ct) IndexScan(t title_pkey) IndexScan(mi movie_id_movie_info) IndexScan(it info_type_pkey) HashJoin(mc ct) NestLoop(mc ct t) NestLoop(mc ct t mi) NestLoop(mc ct t mi it) Leading(((((mc ct) t) mi) it)) */
"['production companies', '%(presents)%', '%(co-production)%', ""Drama', 'Horror"", '2005']",1,median,32488.22,32488.2,0.53177094,29,/*+  SeqScan(mc) SeqScan(ct) IndexScan(t title_pkey) IndexScan(mi movie_id_movie_info) IndexScan(it info_type_pkey) HashJoin(mc ct) NestLoop(mc ct t) NestLoop(mc ct t mi) NestLoop(mc ct t mi it) Leading(((((mc ct) t) mi) it)) */
"['production companies', '%(2006)%', '%(worldwide)%', ""Sweden', 'Norway', 'Germany', 'Denmark', 'Swedish', 'Denish', 'Norwegian', 'German', 'USA', 'American"", '2005']",1,median,34145.07,34131.78,0.50550747,29,/*+  SeqScan(mc) SeqScan(ct) IndexScan(t title_pkey) IndexScan(mi movie_id_movie_info) IndexScan(it info_type_pkey) HashJoin(mc ct) NestLoop(mc ct t) NestLoop(mc ct t mi) NestLoop(mc ct t mi it) Leading(((((mc ct) t) mi) it)) */
"['production companies', '%(worldwide)%', '%(200%)%', ""Germany', 'German', 'USA', 'American"", '2000']",2,median,43045.79,42863.02,0.5229598,29,/*+  SeqScan(mc) SeqScan(ct) IndexScan(t title_pkey) IndexScan(mi movie_id_movie_info) IndexScan(it info_type_pkey) HashJoin(mc ct) NestLoop(mc ct t) NestLoop(mc ct t mi) NestLoop(mc ct t mi it) Leading(((((mc ct) t) mi) it)) */
"['distributors', '%(2007)%', '%(Japan)%', ""Sweden', 'Germany', 'Swedish', 'German"", '2005']",1,median,33281.05,33280.74,0.51683795,29,/*+  SeqScan(mc) SeqScan(ct) IndexScan(t title_pkey) IndexScan(mi movie_id_movie_info) IndexScan(it info_type_pkey) HashJoin(mc ct) NestLoop(mc ct t) NestLoop(mc ct t mi) NestLoop(mc ct t mi it) Leading(((((mc ct) t) mi) it)) */
"['distributors', '%(Blu-ray)%', '%(USA)%', ""Sweden', 'Norway', 'Germany', 'Denmark', 'Swedish', 'Denish', 'Norwegian', 'German', 'USA', 'American"", '2000']",1,median,32460.81,32460.81,0.52568865,29,/*+  SeqScan(mc) SeqScan(ct) IndexScan(t title_pkey) IndexScan(mi movie_id_movie_info) IndexScan(it info_type_pkey) HashJoin(mc ct) NestLoop(mc ct t) NestLoop(mc ct t mi) NestLoop(mc ct t mi it) Leading(((((mc ct) t) mi) it)) */
"['distributors', '%(Blu-ray)%', '%(theatrical)%', ""Horror', 'Action', 'Sci-Fi', 'Thriller', 'Crime', 'War"", '2010']",1,median,32462.07,32462.06,0.50929344,29,/*+  SeqScan(mc) SeqScan(ct) IndexScan(t title_pkey) IndexScan(mi movie_id_movie_info) IndexScan(it info_type_pkey) HashJoin(mc ct) NestLoop(mc ct t) NestLoop(mc ct t mi) NestLoop(mc ct t mi it) Leading(((((mc ct) t) mi) it)) */
"['distributors', '%(2007)%', '%(Japan)%', ""Sweden', 'Norway', 'Germany', 'Denmark', 'Swedish', 'Denish', 'Norwegian', 'German', 'English"", '1990']",1,median,33339.22,33324.07,0.5158814,29,/*+  SeqScan(mc) SeqScan(ct) IndexScan(t title_pkey) IndexScan(mi movie_id_movie_info) IndexScan(it info_type_pkey) HashJoin(mc ct) NestLoop(mc ct t) NestLoop(mc ct t mi) NestLoop(mc ct t mi it) Leading(((((mc ct) t) mi) it)) */
"['production companies', '%(co-production)%', '%(presents)%', ""Sweden', 'Norway', 'Germany', 'Denmark', 'Swedish', 'Denish', 'Norwegian', 'German', 'English"", '2009']",1,median,32487.29,32487.28,0.5303821,29,/*+  SeqScan(mc) SeqScan(ct) IndexScan(t title_pkey) IndexScan(mi movie_id_movie_info) IndexScan(it info_type_pkey) HashJoin(mc ct) NestLoop(mc ct t) NestLoop(mc ct t mi) NestLoop(mc ct t mi it) Leading(((((mc ct) t) mi) it)) */
"['production companies', '%(co-production)%', '%(200%)%', ""Sweden', 'Norway', 'Germany', 'Denmark', 'Swedish', 'Denish', 'Norwegian', 'German"", '2000']",1,median,34327.62,34325.89,0.53254116,29,/*+  SeqScan(mc) SeqScan(ct) IndexScan(t title_pkey) IndexScan(mi movie_id_movie_info) IndexScan(it info_type_pkey) HashJoin(mc ct) NestLoop(mc ct t) NestLoop(mc ct t mi) NestLoop(mc ct t mi it) Leading(((((mc ct) t) mi) it)) */
"['production companies', '%(200%)%', '%(2006)%', ""Drama', 'Horror"", '1990']",1,median,38177.4,38138.26,0.5249889,29,/*+  SeqScan(mc) SeqScan(ct) IndexScan(t title_pkey) IndexScan(mi movie_id_movie_info) IndexScan(it info_type_pkey) HashJoin(mc ct) NestLoop(mc ct t) NestLoop(mc ct t mi) NestLoop(mc ct t mi it) Leading(((((mc ct) t) mi) it)) */
"['distributors', '%(Blu-ray)%', '%(USA)%', ""Sweden', 'Norway', 'Germany', 'Denmark', 'Swedish', 'Denish', 'Norwegian', 'German', 'USA', 'American"", '2005']",1,median,32460.91,32460.9,0.5210959,29,/*+  SeqScan(mc) SeqScan(ct) IndexScan(t title_pkey) IndexScan(mi movie_id_movie_info) IndexScan(it info_type_pkey) HashJoin(mc ct) NestLoop(mc ct t) NestLoop(mc ct t mi) NestLoop(mc ct t mi it) Leading(((((mc ct) t) mi) it)) */
"['production companies', '%(200%)%', '%(2007)%', ""Horror', 'Action', 'Sci-Fi', 'Thriller', 'Crime', 'War"", '2005']",1,median,39083.12,39061.28,0.52878654,29,/*+  SeqScan(mc) SeqScan(ct) IndexScan(t title_pkey) IndexScan(mi movie_id_movie_info) IndexScan(it info_type_pkey) HashJoin(mc ct) NestLoop(mc ct t) NestLoop(mc ct t mi) NestLoop(mc ct t mi it) Leading(((((mc ct) t) mi) it)) */
"['distributors', '%(2006)%', '%(200%)%', ""Sweden', 'Germany', 'Swedish', 'German"", '2000']",1,median,38056.52,38043.48,0.5186446,29,/*+  SeqScan(mc) SeqScan(ct) IndexScan(t title_pkey) IndexScan(mi movie_id_movie_info) IndexScan(it info_type_pkey) HashJoin(mc ct) NestLoop(mc ct t) NestLoop(mc ct t mi) NestLoop(mc ct t mi it) Leading(((((mc ct) t) mi) it)) */
"['distributors', '%(worldwide)%', '%(presents)%', ""Horror', 'Action', 'Sci-Fi', 'Thriller', 'Crime', 'War"", '1990']",1,median,32725.13,32725.03,0.5243682,29,/*+  SeqScan(mc) SeqScan(ct) IndexScan(t title_pkey) IndexScan(mi movie_id_movie_info) IndexScan(it info_type_pkey) HashJoin(mc ct) NestLoop(mc ct t) NestLoop(mc ct t mi) NestLoop(mc ct t mi it) Leading(((((mc ct) t) mi) it)) */
"['distributors', '%(VHS)%', '%(Japan)%', ""Sweden', 'Norway', 'Germany', 'Denmark', 'Swedish', 'Denish', 'Norwegian', 'German', 'USA', 'American"", '1990']",1,median,33221.57,33213.22,0.5347761,29,/*+  SeqScan(mc) SeqScan(ct) IndexScan(t title_pkey) IndexScan(mi movie_id_movie_info) IndexScan(it info_type_pkey) HashJoin(mc ct) NestLoop(mc ct t) NestLoop(mc ct t mi) NestLoop(mc ct t mi it) Leading(((((mc ct) t) mi) it)) */
"['distributors', '%(2007)%', '%(Japan)%', ""Sweden', 'Norway', 'Germany', 'Denmark', 'Swedish', 'Denish', 'Norwegian', 'German', 'USA', 'American"", '2000']",1,median,33312.31,33305.02,0.5332529,29,/*+  SeqScan(mc) SeqScan(ct) IndexScan(t title_pkey) IndexScan(mi movie_id_movie_info) IndexScan(it info_type_pkey) HashJoin(mc ct) NestLoop(mc ct t) NestLoop(mc ct t mi) NestLoop(mc ct t mi it) Leading(((((mc ct) t) mi) it)) */
"['distributors', '%(2007)%', '%(theatrical)%', ""Horror', 'Action', 'Sci-Fi', 'Thriller', 'Crime', 'War"", '2005']",1,median,36819.63,36807.81,0.5129192,29,/*+  SeqScan(mc) SeqScan(ct) IndexScan(t title_pkey) IndexScan(mi movie_id_movie_info) IndexScan(it info_type_pkey) HashJoin(mc ct) NestLoop(mc ct t) NestLoop(mc ct t mi) NestLoop(mc ct t mi it) Leading(((((mc ct) t) mi) it)) */
"['production companies', '%(2007)%', '%(200%)%', ""Horror', 'Action', 'Sci-Fi', 'Thriller', 'Crime', 'War"", '1990']",1,median,39494.79,39456.6,0.5227339,29,/*+  SeqScan(mc) SeqScan(ct) IndexScan(t title_pkey) IndexScan(mi movie_id_movie_info) IndexScan(it info_type_pkey) HashJoin(mc ct) NestLoop(mc ct t) NestLoop(mc ct t mi) NestLoop(mc ct t mi it) Leading(((((mc ct) t) mi) it)) */
"['production companies', '%(200%)%', '%(2007)%', ""Drama', 'Horror"", '1950']",1,median,39644.32,39578.33,0.53729045,29,/*+  SeqScan(mc) SeqScan(ct) IndexScan(t title_pkey) IndexScan(mi movie_id_movie_info) IndexScan(it info_type_pkey) HashJoin(mc ct) NestLoop(mc ct t) NestLoop(mc ct t mi) NestLoop(mc ct t mi it) Leading(((((mc ct) t) mi) it)) */
"['distributors', '%(France)%', '%(VHS)%', ""Sweden', 'Norway', 'Germany', 'Denmark', 'Swedish', 'Denish', 'Norwegian', 'German', 'USA', 'American"", '2000']",1,median,32765.77,32765.42,0.53569406,29,/*+  SeqScan(mc) SeqScan(ct) IndexScan(t title_pkey) IndexScan(mi movie_id_movie_info) IndexScan(it info_type_pkey) HashJoin(mc ct) NestLoop(mc ct t) NestLoop(mc ct t mi) NestLoop(mc ct t mi it) Leading(((((mc ct) t) mi) it)) */
"['production companies', '%(co-production)%', '%(presents)%', ""Horror', 'Thriller"", '2005']",2,median,32488.11,32488.1,0.53735405,29,/*+  SeqScan(mc) SeqScan(ct) IndexScan(t title_pkey) IndexScan(mi movie_id_movie_info) IndexScan(it info_type_pkey) HashJoin(mc ct) NestLoop(mc ct t) NestLoop(mc ct t mi) NestLoop(mc ct t mi it) Leading(((((mc ct) t) mi) it)) */
"['production companies', '%(worldwide)%', '%(2006)%', ""Sweden', 'Norway', 'Germany', 'Denmark', 'Swedish', 'Denish', 'Norwegian', 'German', 'USA', 'American"", '2005']",1,median,34145.07,34131.78,0.5224012,29,/*+  SeqScan(mc) SeqScan(ct) IndexScan(t title_pkey) IndexScan(mi movie_id_movie_info) IndexScan(it info_type_pkey) HashJoin(mc ct) NestLoop(mc ct t) NestLoop(mc ct t mi) NestLoop(mc ct t mi it) Leading(((((mc ct) t) mi) it)) */
"['distributors', '%(200%)%', '%(theatrical)%', ""Sweden', 'Norway', 'Germany', 'Denmark', 'Swedish', 'Denish', 'Norwegian', 'German', 'USA', 'American"", '2000']",1,median,50449.43,50018.51,0.5346294,29,/*+  SeqScan(mc) SeqScan(ct) IndexScan(t title_pkey) IndexScan(mi movie_id_movie_info) IndexScan(it info_type_pkey) HashJoin(mc ct) NestLoop(mc ct t) NestLoop(mc ct t mi) NestLoop(mc ct t mi it) Leading(((((mc ct) t) mi) it)) */
"['production companies', '%(200%)%', '%(2007)%', ""Sweden', 'Norway', 'Germany', 'Denmark', 'Swedish', 'Denish', 'Norwegian', 'German', 'USA', 'American"", '2005']",1,median,39113.77,39037.87,0.5358315,29,/*+  SeqScan(mc) SeqScan(ct) IndexScan(t title_pkey) IndexScan(mi movie_id_movie_info) IndexScan(it info_type_pkey) HashJoin(mc ct) NestLoop(mc ct t) NestLoop(mc ct t mi) NestLoop(mc ct t mi it) Leading(((((mc ct) t) mi) it)) */
"['production companies', '%(2007)%', '%(200%)%', ""Horror', 'Action', 'Sci-Fi', 'Thriller', 'Crime', 'War"", '2005']",1,median,39083.12,39061.28,0.5127109,29,/*+  SeqScan(mc) SeqScan(ct) IndexScan(t title_pkey) IndexScan(mi movie_id_movie_info) IndexScan(it info_type_pkey) HashJoin(mc ct) NestLoop(mc ct t) NestLoop(mc ct t mi) NestLoop(mc ct t mi it) Leading(((((mc ct) t) mi) it)) */
"['distributors', '%(theatrical)%', '%(2006)%', ""Germany', 'German', 'USA', 'American"", '2010']",1,median,35865.16,35853.41,0.507214,29,/*+  SeqScan(mc) SeqScan(ct) IndexScan(t title_pkey) IndexScan(mi movie_id_movie_info) IndexScan(it info_type_pkey) HashJoin(mc ct) NestLoop(mc ct t) NestLoop(mc ct t mi) NestLoop(mc ct t mi it) Leading(((((mc ct) t) mi) it)) */
"['distributors', '%(2007)%', '%(2006)%', ""Horror', 'Thriller"", '2000']",1,median,33435.91,33435.55,0.5213896,29,/*+  SeqScan(mc) SeqScan(ct) IndexScan(t title_pkey) IndexScan(mi movie_id_movie_info) IndexScan(it info_type_pkey) HashJoin(mc ct) NestLoop(mc ct t) NestLoop(mc ct t mi) NestLoop(mc ct t mi it) Leading(((((mc ct) t) mi) it)) */
"['distributors', '%(Japan)%', '%(2006)%', ""Horror', 'Action', 'Sci-Fi', 'Thriller', 'Crime', 'War"", '1990']",1,median,33151.08,33150.83,0.5212828,29,/*+  SeqScan(mc) SeqScan(ct) IndexScan(t title_pkey) IndexScan(mi movie_id_movie_info) IndexScan(it info_type_pkey) HashJoin(mc ct) NestLoop(mc ct t) NestLoop(mc ct t mi) NestLoop(mc ct t mi it) Leading(((((mc ct) t) mi) it)) */
"['distributors', '%(USA)%', '%(Blu-ray)%', ""USA', 'America"", '1990']",1,median,32460.56,32460.56,0.5340012,29,/*+  SeqScan(mc) SeqScan(ct) IndexScan(t title_pkey) IndexScan(mi movie_id_movie_info) IndexScan(it info_type_pkey) HashJoin(mc ct) NestLoop(mc ct t) NestLoop(mc ct t mi) NestLoop(mc ct t mi it) Leading(((((mc ct) t) mi) it)) */
"['production companies', '%(2007)%', '%(200%)%', ""Sweden', 'Norway', 'Germany', 'Denmark', 'Swedish', 'Denish', 'Norwegian', 'German', 'English"", '2005']",1,median,39145.85,39041.52,0.51427776,29,/*+  SeqScan(mc) SeqScan(ct) IndexScan(t title_pkey) IndexScan(mi movie_id_movie_info) IndexScan(it info_type_pkey) HashJoin(mc ct) NestLoop(mc ct t) NestLoop(mc ct t mi) NestLoop(mc ct t mi it) Leading(((((mc ct) t) mi) it)) */
"['production companies', '%(co-production)%', '%(presents)%', ""Drama', 'Horror', 'Western', 'Family"", '2000']",1,median,32488.14,32488.13,0.542157,29,/*+  SeqScan(mc) SeqScan(ct) IndexScan(t title_pkey) IndexScan(mi movie_id_movie_info) IndexScan(it info_type_pkey) HashJoin(mc ct) NestLoop(mc ct t) NestLoop(mc ct t mi) NestLoop(mc ct t mi it) Leading(((((mc ct) t) mi) it)) */
"['distributors', '%(Blu-ray)%', '%(USA)%', ""Horror', 'Action', 'Sci-Fi', 'Thriller', 'Crime', 'War"", '2005']",1,median,32460.87,32460.87,0.5214542,29,/*+  SeqScan(mc) SeqScan(ct) IndexScan(t title_pkey) IndexScan(mi movie_id_movie_info) IndexScan(it info_type_pkey) HashJoin(mc ct) NestLoop(mc ct t) NestLoop(mc ct t mi) NestLoop(mc ct t mi it) Leading(((((mc ct) t) mi) it)) */
"['production companies', '%(200%)%', '%(co-production)%', ""Sweden', 'Norway', 'Germany', 'Denmark', 'Swedish', 'Denish', 'Norwegian', 'German"", '1950']",1,median,34450.7,34445.82,0.5269078,29,/*+  SeqScan(mc) SeqScan(ct) IndexScan(t title_pkey) IndexScan(mi movie_id_movie_info) IndexScan(it info_type_pkey) HashJoin(mc ct) NestLoop(mc ct t) NestLoop(mc ct t mi) NestLoop(mc ct t mi it) Leading(((((mc ct) t) mi) it)) */
"['distributors', '%(worldwide)%', '%(USA)%', ""Sweden', 'Germany', 'Swedish', 'German"", '2000']",1,median,43498.81,43461.8,0.52124476,29,/*+  SeqScan(mc) SeqScan(ct) IndexScan(t title_pkey) IndexScan(mi movie_id_movie_info) IndexScan(it info_type_pkey) HashJoin(mc ct) NestLoop(mc ct t) NestLoop(mc ct t mi) NestLoop(mc ct t mi it) Leading(((((mc ct) t) mi) it)) */
"['production companies', '%(2007)%', '%(200%)%', ""Drama', 'Horror"", '1990']",1,median,39376.08,39325.96,0.5170625,29,/*+  SeqScan(mc) SeqScan(ct) IndexScan(t title_pkey) IndexScan(mi movie_id_movie_info) IndexScan(it info_type_pkey) HashJoin(mc ct) NestLoop(mc ct t) NestLoop(mc ct t mi) NestLoop(mc ct t mi it) Leading(((((mc ct) t) mi) it)) */
"['distributors', '%(2007)%', '%(theatrical)%', ""Sweden', 'Norway', 'Germany', 'Denmark', 'Swedish', 'Denish', 'Norwegian', 'German', 'English"", '1950']",1,median,37341.61,37198.4,0.5180399,29,/*+  SeqScan(mc) SeqScan(ct) IndexScan(t title_pkey) IndexScan(mi movie_id_movie_info) IndexScan(it info_type_pkey) HashJoin(mc ct) NestLoop(mc ct t) NestLoop(mc ct t mi) NestLoop(mc ct t mi it) Leading(((((mc ct) t) mi) it)) */
"['distributors', '%(2007)%', '%(worldwide)%', ""Sweden', 'Norway', 'Germany', 'Denmark', 'Swedish', 'Denish', 'Norwegian', 'German', 'English"", '2009']",1,median,34482.96,34471.08,0.51684856,29,/*+  SeqScan(mc) SeqScan(ct) IndexScan(t title_pkey) IndexScan(mi movie_id_movie_info) IndexScan(it info_type_pkey) HashJoin(mc ct) NestLoop(mc ct t) NestLoop(mc ct t mi) NestLoop(mc ct t mi it) Leading(((((mc ct) t) mi) it)) */
"['production companies', '%(200%)%', '%(2006)%', ""Sweden', 'Norway', 'Germany', 'Denmark', 'Swedish', 'Denish', 'Norwegian', 'German', 'USA', 'American"", '2000']",1,median,38141.11,38059.42,0.530794,29,/*+  SeqScan(mc) SeqScan(ct) IndexScan(t title_pkey) IndexScan(mi movie_id_movie_info) IndexScan(it info_type_pkey) HashJoin(mc ct) NestLoop(mc ct t) NestLoop(mc ct t mi) NestLoop(mc ct t mi it) Leading(((((mc ct) t) mi) it)) */
"['distributors', '%(2007)%', '%(theatrical)%', ""Germany', 'German', 'USA', 'American"", '2005']",1,median,36831.71,36788.16,0.5155652,29,/*+  SeqScan(mc) SeqScan(ct) IndexScan(t title_pkey) IndexScan(mi movie_id_movie_info) IndexScan(it info_type_pkey) HashJoin(mc ct) NestLoop(mc ct t) NestLoop(mc ct t mi) NestLoop(mc ct t mi it) Leading(((((mc ct) t) mi) it)) */
"['distributors', '%(200%)%', '%(worldwide)%', ""Germany', 'German', 'USA', 'American"", '2005']",1,median,42669.81,42535.27,0.5083915,29,/*+  SeqScan(mc) SeqScan(ct) IndexScan(t title_pkey) IndexScan(mi movie_id_movie_info) IndexScan(it info_type_pkey) HashJoin(mc ct) NestLoop(mc ct t) NestLoop(mc ct t mi) NestLoop(mc ct t mi it) Leading(((((mc ct) t) mi) it)) */
"['distributors', '%(VHS)%', '%(worldwide)%', ""Horror', 'Thriller"", '2000']",1,median,34297.07,34296.37,0.5336801,29,/*+  SeqScan(mc) SeqScan(ct) IndexScan(t title_pkey) IndexScan(mi movie_id_movie_info) IndexScan(it info_type_pkey) HashJoin(mc ct) NestLoop(mc ct t) NestLoop(mc ct t mi) NestLoop(mc ct t mi it) Leading(((((mc ct) t) mi) it)) */
"['distributors', '%(200%)%', '%(France)%', ""Sweden', 'Germany', 'Swedish', 'German"", '2005']",1,median,34635.88,34634.94,0.5317877,29,/*+  SeqScan(mc) SeqScan(ct) IndexScan(t title_pkey) IndexScan(mi movie_id_movie_info) IndexScan(it info_type_pkey) HashJoin(mc ct) NestLoop(mc ct t) NestLoop(mc ct t mi) NestLoop(mc ct t mi it) Leading(((((mc ct) t) mi) it)) */
"['distributors', '%(VHS)%', '%(USA)%', ""Germany', 'German"", '1990']",1,median,39059.42,39038.82,0.5243782,29,/*+  SeqScan(mc) SeqScan(ct) IndexScan(t title_pkey) IndexScan(mi movie_id_movie_info) IndexScan(it info_type_pkey) HashJoin(mc ct) NestLoop(mc ct t) NestLoop(mc ct t mi) NestLoop(mc ct t mi it) Leading(((((mc ct) t) mi) it)) */
